
-----------------------------------
Time 0
Waiting clients:
(5, 2, 2) (7, 2, 4) (9, 2, 3) (10, 2, 2) (1, 5, 3) (3, 5, 4) (11, 5, 3) (2, 6, 2) (6, 6, 2) (13, 6, 3) (12, 7, 3) (4, 8, 4) (8, 8, 2) (14, 10, 2) (15, 10, 3) 
-----------------------------------

Queue 1:
Closed
Queue 2:
Closed

-----------------------------------
Time 1
Waiting clients:
(5, 2, 2) (7, 2, 4) (9, 2, 3) (10, 2, 2) (1, 5, 3) (3, 5, 4) (11, 5, 3) (2, 6, 2) (6, 6, 2) (13, 6, 3) (12, 7, 3) (4, 8, 4) (8, 8, 2) (14, 10, 2) (15, 10, 3) 
-----------------------------------

Queue 1:
Closed
Queue 2:
Closed

-----------------------------------
Time 2
Waiting clients:
(1, 5, 3) (3, 5, 4) (11, 5, 3) (2, 6, 2) (6, 6, 2) (13, 6, 3) (12, 7, 3) (4, 8, 4) (8, 8, 2) (14, 10, 2) (15, 10, 3) 
-----------------------------------

Queue 1:
(5, 2, 2) (9, 2, 3) 

Queue 2:
(7, 2, 4) (10, 2, 2) 


-----------------------------------
Time 3
Waiting clients:
(1, 5, 3) (3, 5, 4) (11, 5, 3) (2, 6, 2) (6, 6, 2) (13, 6, 3) (12, 7, 3) (4, 8, 4) (8, 8, 2) (14, 10, 2) (15, 10, 3) 
-----------------------------------

Queue 1:
(5, 2, 1) (9, 2, 3) 

Queue 2:
(7, 2, 3) (10, 2, 2) 


-----------------------------------
Time 4
Waiting clients:
(1, 5, 3) (3, 5, 4) (11, 5, 3) (2, 6, 2) (6, 6, 2) (13, 6, 3) (12, 7, 3) (4, 8, 4) (8, 8, 2) (14, 10, 2) (15, 10, 3) 
-----------------------------------

Queue 1:
(9, 2, 3) 

Queue 2:
(7, 2, 2) (10, 2, 2) 


-----------------------------------
Time 5
Waiting clients:
(2, 6, 2) (6, 6, 2) (13, 6, 3) (12, 7, 3) (4, 8, 4) (8, 8, 2) (14, 10, 2) (15, 10, 3) 
-----------------------------------

Queue 1:
(9, 2, 2) (1, 5, 3) (3, 5, 4) 

Queue 2:
(7, 2, 1) (10, 2, 2) (11, 5, 3) 


-----------------------------------
Time 6
Waiting clients:
(12, 7, 3) (4, 8, 4) (8, 8, 2) (14, 10, 2) (15, 10, 3) 
-----------------------------------

Queue 1:
(9, 2, 1) (1, 5, 3) (3, 5, 4) (6, 6, 2) 

Queue 2:
(10, 2, 2) (11, 5, 3) (2, 6, 2) (13, 6, 3) 


-----------------------------------
Time 7
Waiting clients:
(4, 8, 4) (8, 8, 2) (14, 10, 2) (15, 10, 3) 
-----------------------------------

Queue 1:
(1, 5, 3) (3, 5, 4) (6, 6, 2) (12, 7, 3) 

Queue 2:
(10, 2, 1) (11, 5, 3) (2, 6, 2) (13, 6, 3) 


-----------------------------------
Time 8
Waiting clients:
(14, 10, 2) (15, 10, 3) 
-----------------------------------

Queue 1:
(1, 5, 2) (3, 5, 4) (6, 6, 2) (12, 7, 3) (8, 8, 2) 

Queue 2:
(11, 5, 3) (2, 6, 2) (13, 6, 3) (4, 8, 4) 


-----------------------------------
Time 9
Waiting clients:
(14, 10, 2) (15, 10, 3) 
-----------------------------------

Queue 1:
(1, 5, 1) (3, 5, 4) (6, 6, 2) (12, 7, 3) (8, 8, 2) 

Queue 2:
(11, 5, 2) (2, 6, 2) (13, 6, 3) (4, 8, 4) 


-----------------------------------
Time 10
Waiting clients:

-----------------------------------

Queue 1:
(3, 5, 4) (6, 6, 2) (12, 7, 3) (8, 8, 2) (14, 10, 2) 

Queue 2:
(11, 5, 1) (2, 6, 2) (13, 6, 3) (4, 8, 4) (15, 10, 3) 


-----------------------------------
Time 11
Waiting clients:

-----------------------------------

Queue 1:
(3, 5, 3) (6, 6, 2) (12, 7, 3) (8, 8, 2) (14, 10, 2) 

Queue 2:
(2, 6, 2) (13, 6, 3) (4, 8, 4) (15, 10, 3) 


-----------------------------------
Time 12
Waiting clients:

-----------------------------------

Queue 1:
(3, 5, 2) (6, 6, 2) (12, 7, 3) (8, 8, 2) (14, 10, 2) 

Queue 2:
(2, 6, 1) (13, 6, 3) (4, 8, 4) (15, 10, 3) 


-----------------------------------
Time 13
Waiting clients:

-----------------------------------

Queue 1:
(3, 5, 1) (6, 6, 2) (12, 7, 3) (8, 8, 2) (14, 10, 2) 

Queue 2:
(13, 6, 3) (4, 8, 4) (15, 10, 3) 


-----------------------------------
Time 14
Waiting clients:

-----------------------------------

Queue 1:
(6, 6, 2) (12, 7, 3) (8, 8, 2) (14, 10, 2) 

Queue 2:
(13, 6, 2) (4, 8, 4) (15, 10, 3) 


-----------------------------------
Time 15
Waiting clients:

-----------------------------------

Queue 1:
(6, 6, 1) (12, 7, 3) (8, 8, 2) (14, 10, 2) 

Queue 2:
(13, 6, 1) (4, 8, 4) (15, 10, 3) 


-----------------------------------
Time 16
Waiting clients:

-----------------------------------

Queue 1:
(12, 7, 3) (8, 8, 2) (14, 10, 2) 

Queue 2:
(4, 8, 4) (15, 10, 3) 


-----------------------------------
Time 17
Waiting clients:

-----------------------------------

Queue 1:
(12, 7, 2) (8, 8, 2) (14, 10, 2) 

Queue 2:
(4, 8, 3) (15, 10, 3) 


-----------------------------------
Time 18
Waiting clients:

-----------------------------------

Queue 1:
(12, 7, 1) (8, 8, 2) (14, 10, 2) 

Queue 2:
(4, 8, 2) (15, 10, 3) 


-----------------------------------
Time 19
Waiting clients:

-----------------------------------

Queue 1:
(8, 8, 2) (14, 10, 2) 

Queue 2:
(4, 8, 1) (15, 10, 3) 


-----------------------------------
Time 20
Waiting clients:

-----------------------------------

Queue 1:
(8, 8, 1) (14, 10, 2) 

Queue 2:
(15, 10, 3) 


-----------------------------------
Time 21
Waiting clients:

-----------------------------------

Queue 1:
(14, 10, 2) 

Queue 2:
(15, 10, 2) 


-----------------------------------
Time 22
Waiting clients:

-----------------------------------

Queue 1:
(14, 10, 1) 

Queue 2:
(15, 10, 1) 


-----------------------------------
Time 23
Waiting clients:

-----------------------------------

Queue 1:
Closed
Queue 2:
Closed


Average waiting time: 5.666666666666667
Average service time: 2.8
Peak hour: 10
